4294967278,132
4294967278,131
4294967278,130
4294967278,129
4294967278,128
4294967278,127
4294967278,126
4294967278,125
4294967278,124
4294967278,122
4294967278,121
4294967278,120
4294967278,119
4294967278,118
4294967278,117
4294967278,114
4294967278,113
4294967278,111
4294967278,107
4294967278,105
4294967278,104
4294967278,103
4294967278,102
4294967278,100
4294967278,96
4294967278,94
4294967278,92
4294967278,91
4294967278,90
4294967278,89
4294967278,87
4294967278,83
4294967278,81
4294967278,80
4294967278,79
4294967278,78
4294967278,76
4294967278,72
4294967278,70
4294967278,69
4294967278,68
4294967278,67
4294967278,65
4294967278,64
4294967278,61
4294967278,59
4294967278,58
4294967278,57
4294967278,56
4294967278,55
4294967278,54
4294967278,294
4294967278,50
4294967278,48
4294967278,47
4294967278,46
4294967278,45
4294967278,174
4294967278,290
4294967278,43
4294967278,288
4294967278,287
4294967278,39
4294967278,37
4294967278,35
4294967278,34
4294967278,33
4294967278,283
4294967278,30
4294967278,22
4294967279,295
4294967279,294
4294967279,293
4294967279,290
4294967279,174
4294967279,32
4294967279,31
4294967279,29
4294967279,288
4294967279,26
4294967279,287
4294967279,24
4294967279,23
4294967279,21
4294967279,18
4294967279,285
4294967279,15
4294967279,14
4294967279,13
4294967279,12
4294967279,11
4294967279,10
4294967279,9
4294967279,8
4294967279,7
4294967279,6
4294967279,5
4294967279,4
4294967279,351
4294967278,123
4294967278,251
4294967279,350
2,2
4294967278,249
4294967278,245
4294967278,243
4294967279,244
4294967278,241
4294967278,115
4294967278,116
4294967278,239
29,5
4294967294,126
4294967294,18
4294967294,68
4294967294,11
4294967278,112
29,4
29,3
29,2
29,1
4294967278,234
4294967294,270
4294967279,233
4294967279,232
4294967278,110
4294967278,230
4294967279,230
4294967278,109
4294967278,228
4294967279,228
4294967278,108
4294967278,226
4294967294,89
4294967278,223
4294967279,223
4294967278,106
4294967278,221
4294967279,221
4294967278,219
28,5
28,4
28,3
28,2
28,1
4294967278,353
4294967278,101
4294967279,214
4294967278,212
4294967278,352
4294967278,99
4294967279,349
4294967294,387
4294967278,351
4294967278,98
4294967279,348
4294967279,347
4294967294,392
4294967294,114
4294967294,115
4294967294,264
4294967278,97
4294967279,210
4294967279,346
4294967279,209
4294967294,251
4294967294,185
4294967294,204
4294967294,216
4294967294,199
4294967294,205
4294967294,209
4294967294,256
4294967278,95
4294967279,208
4294967279,345
4294967278,206
4294967279,207
4294967278,93
4294967278,204
4294967279,203
4294967279,205
27,5
27,4
4294967279,204
27,3
27,2
27,1
5,4
4294967294,415
4294967279,202
4294967278,350
4294967278,86
4294967294,187
4294967278,77
4294967294,81
4294967279,344
4294967278,349
4294967278,85
4294967294,389
4294967294,168
4294967294,246
4294967294,463
4294967294,111
4294967294,116
4294967294,460
4294967279,199
4294967279,343
4294967278,348
4294967278,347
4294967278,84
4294967279,198
4294967279,197
4294967278,195
4294967278,346
4294967278,82
4294967279,196
4294967278,194
4294967279,194
4294967279,193
4294967279,192
0,7
4294967279,191
2,4
4294967294,22
4294967294,41
4294967278,345
4294967278,75
4294967278,66
4294967294,107
4294967294,96
4294967294,94
4294967279,342
4294967279,260
4294967294,7
4294967278,344
4294967278,74
4294967294,6
4294967294,425
4294967294,93
4294967294,95
4294967294,17
4294967294,99
4294967294,76
4294967279,188
4294967279,341
4294967278,343
4294967278,260
4294967278,0
4294967278,73
4294967279,187
4294967294,8
4294967294,220
4294967294,45
4294967294,429
4294967294,44
4294967294,43
4294967294,53
4294967294,52
4294967294,417
4294967294,51
4294967294,92
4294967294,91
4294967294,90
4294967294,88
4294967294,87
4294967294,86
4294967294,85
4294967294,84
4294967294,46
4294967294,267
4294967294,82
4294967279,186
4294967279,340
4294967278,71
4294967279,185
4294967279,339
4294967279,183
4294967294,42
4294967278,181
4294967279,182
4294967278,180
4294967279,181
4294967279,180
4294967279,179
4294967279,338
4294967278,342
4294967278,63
4294967278,341
4294967278,62
4294967279,337
4294967278,340
4294967278,60
4294967279,173
4294967279,172
4294967278,170
4294967279,169
4294967279,171
4294967278,169
4294967279,170
4294967278,168
4294967279,168
4294967294,67
4294967294,5
0,5
4294967278,53
4294967278,44
4294967279,336
4294967278,339
4294967278,52
4294967294,409
4294967294,248
4294967294,179
4294967294,588
4294967294,411
